88210
184811
59289
189068
49633
67299
34738
18350
111365
13525
95019
87953
102554
45973
88989
1734
57073
148920
194270
5521
97020
8753
118758
107606
74793
180512
90046
52092
6705
104108
123028
147833
137776
175640
51680
64794
124149
183777
68022
105946
94673
162137
171311
18173
183209
144807
11153
113906
92890
14433
42954
68535
54735
27726
85487
61403
116718
46069
36436
8205
142255
16480
185586
84523
181458
53337
95703
137204
8797
105432
51153
21101
30567
11010
165577
118804
19713
134164
190515
46469
18702
149244
52542
13386
55135
184658
32160
184434
45173
87831
184138
121410
173012
1285
96397
53145
185747
50711
190276
107702
15707
134447
104312
105848
90653
71001
88673
182161
78731
20716
185847
138458
91368
105720
141529
14575
32617
30649
44970
128767
24740
163803
80846
35353
16325
108752
105683
60
90664
31982
191323
108037
60472
51602
66193
69445
2979
81068
101796
21482
188068
7865
67948
110393
34
109553
188895
52375
181429
6124
14606
184951
5259
130027
178429
29220
188197
120376
40971
16356
186077
152887
26492
42130
30833
175371
18885
82363
8050
33272
188350
151212
80397
50303
189145
183416
84072
20871
134493
184759
171386
189066
16669
2554
26508
108549
129671
190518
5277
163585
45575
72503
4240
55306
42251
46319
14673
85207
9192
83831
172347
170657
165585
119835
119093
152308
87598
15933
949
179920
181299
163316
183720
147554
157906
167717
61244
100088
44544
88006
38410
70992
80841
172814
130669
191746
11960
5293
108640
110171
85612
65697
29780
2988
141859
46449
3316
178288
184291
103419
96109
183145
186288
58512
187094
1232
188262
137538
108331
156784
118534
44146
47334
175239
67606
92963
105954
51534
120590
119534
26067
52345
98532
17438
10708
57669
22921
194336
13441
136011
121268
128338
32633
5853
39041
49785
190668
136338
101339
150006
135831
16249
79281
181018
164607
36736
103650
103948
165337
40023
164745
44712
177561
106349
124184
63421
188476
151433
187099
71395
106501
132974
146016
16418
83420
2748
167287
114951
89736
159039
49647
91857
127072
64567
57846
118662
45521
75625
46812
89135
38652
95222
48554
184266
32723
61738
80053
118547
34618
110810
49138
43627
81823
162649
168642
44726
4198
2545
172078
89417
94547
131710
7660
30864
64263
163537
11674
89446
40186
80613
173522
28628
146679
53755
7707
92267
16901
174137
165053
29463
72340
105274
26107
39398
101443
46727
183187
185281
192698
57175
67891
41504
72637
52059
126558
44336
192471
32309
23272
190990
40398
144883
104754
169532
148936
100824
20459
79780
33489
104221
120690
76099
12598
46017
49379
97222
13579
38047
188277
179563
40315
31847
185048
58387
51
153443
182891
189451
177898
155803
101171
187154
147534
184076
190109
29535
56322
5731
48350
145324
49640
127537
71823
20526
135684
193786
178578
159852
91120
154379
85752
106320
14624
89538
86522
138261
184407
2380
148652
60194
40014
183216
31697
9123
187244
41357
109781
46873
1435
124775
144438
31074
107473
100254
182352
67949
77262
14439
178623
171724
182376
124731
143753
74956
70107
113077
942
107996
45672
98712
58682
11918
83770
72048
161254
110166
138673
108482
41066
175397
44137
67484
188222
186083
72967
166641
138609
58237
52781
169710
159396
148571
44927
5280
15212
49795
58883
190673
73878
185406
183554
29112
138326
170152
35999
51093
32273
127469
188627
72067
78736
58125
66306
42671
98051
50609
190182
168402
194441
176484
110686
142692
38144
104019
60565
32154
143591
179294
98335
191222
102182
188591
170145
11260
182255
67716
175372
54738
11709
87557
181015
153278
444
158421
129374
109437
174141
172369
106671
45764
193728
130801
190602
10032
181266
74309
11653
36063
186737
20777
80520
64301
117704
70193
10084
180017
2152
13722
108004
68467
48381
48274
6997
49545
7937
146291
31187
51753
83548
106101
172567
116880
40949
27621
28803
44313
181673
126287
31319
94987
149442
85498
189281
68012
190949
129945
23568
78332
139559
15582
49560
130408
12459
10280
34149
128759
7194
34342
70282
7844
144028
186864
12260
104835
171522
74633
184061
22033
171839
53365
111451
12325
43141
142430
58565
10071
62748
186868
176473
175802
53664
192552
10031
188545
147154
61026
183611
183956
186167
58243
171
131985
49543
175942
80265
9150
186812
115988
171123
57694
33814
64844
84980
81763
85683
80191
16117
48902
71408
38265
169137
75703
138420
47081
165588
8477
160176
66896
163575
81082
15155
190401
41024
191795
51854
3221
134588
89286
177668
57884
104589
145976
105172
55939
93834
14620
109282
8805
14295
11382
182540
183142
186262
162346
175092
79027
57325
14969
125748
128373
85730
144894
119650
12900
174621
10225
114887
49395
81296
9920
29809
180624
43983
178196
4328
38506
50359
102551
186580
14574
13469
13689
25598
116300
112148
87956
6125
43576
84891
185570
49251
60221
63852
176605
112412
158318
8911
164770
187996
187871
16118
187150
59656
135195
134101
184324
36848
45888
6452
184303
77844
51155
186921
99952
162735
163
40507
108127
146987
101691
5174
14483
98302
32736
103084
25414
51691
177135
181472
30429
190750
38634
150857
36480
131179
44187
106049
180516
92215
133008
106706
36950
52370
105861
26758
67867
47737
14707
4610
39359
104001
97223
88544
122869
63370
191410
42
34242
37004
117658
19194
148449
58349
190772
127852
43809
95636
9068
149188
185580
18019
99061
186913
14721
185315
106322
158021
191571
30131
41322
63223
176907
79042
105494
247
14264
26568
194254
107069
7366
182190
120212
20361
184104
59584
124226
10643
185294
145121
6565
48152
22239
1200
53952
36263
3405
30005
37902
119314
98175
146751
187097
191664
14690
33172
82068
189707
19369
162310
27483
115659
78757
109454
168634
954
95372
60893
63177
178721
174229
148300
187332
100034
148229
175084
152410
188434
187717
56351
103368
186066
49708
138009
99278
88633
165398
87406
117375
185787
88648
96004
102541
187019
3980
2272
121260
189228
171241
8700
180231
129913
184748
177672
29617
1388
189258
171722
145077
42464
67514
104921
62342
109035
19933
101255
10556
118582
31835
173334
30169
187420
127597
35596
138618
156555
102867
148754
62064
70300
186759
106225
86662
191344
165166
182490
40905
5083
13695
85180
14698
114286
106141
1025
8758
102817
187092
44343
171368
10226
10477
185734
66774
135478
56716
103194
150850
174976
76740
63682
186297
66510
110028
183190
121328
113294
33441
171551
191988
45325
170613
5942
41727
139506
88919
12456
187411
184826
107616
162015
110606
16153
187848
45937
125865
105653
141288
61673
184503
118698
181321
75388
53889
15357
145261
24943
99561
57598
28377
146823
102919
7115
104194
81298
132978
107164
186636
22264
190073
184241
59938
7502
47195
42653
15030
143772
39111
45699
188313
28192
93994
9779
97381
158389
43808
187018
33264
55721
3995
105422
149228
185518
6552
854
74272
994
2226
20627
154108
108128
166218
105845
157509
18747
181416
44720
107061
52225
99960
1931
182094
99108
187625
108416
180677
18000
88622
172131
172262
116147
185385
83477
9231
186891
24114
71394
178959
133345
189227
191541
60527
54084
182929
58136
106672
188274
188171
188257
93411
89939
188159
80557
69658
44470
6962
164767
40836
80439
170516
86349
75391
25179
47557
181890
84620
140128
190520
36698
104798
154510
50594
165177
92632
182285
58697
118418
58067
134382
176801
99618
16816
8853
145827
185218
138422
89413
53793
32692
113476
68325
44651
174536
86159
188680
44437
121414
83301
189932
80369
67014
65326
81051
55085
130918
47611
117140
102162
76611
39556
49453
80675
138546
183141
90950
187984
188665
169122
9015
54385
129651
28216
187607
33817
172089
69768
77556
99557
140346
139241
137904
16464
86234
181853
60702
83468
119006
101304
188205
58253
170757
11857
131422
28748
123769
2061
96310
38472
55565
150871
140971
117804
84766
106825
83513
182146
72917
14058
60858
192514
86973
113128
189146
37584
185438
101074
80692
62982
45886
102944
70017
50808
133265
37345
187614
47650
10312
62206
91744
184495
146553
106831
137175
131495
169834
190982
165478
5137
158977
170390
1147
42620
101296
28892
18525
88640
190656
27658
20674
69905
181469
186308
5808
47978
135835
63816
11717
183103
92616
181024
159799
66164
47188
7662
133549
71820
164242
175637
4933
84008
21409
185428
187362
66793
66970
178216
112317
186371
91366
176489
18136
162845
194423
53715
178254
104881
113257
22226
136335
106661
141215
50403
190541
185375
190493
81502
183955
59246
43043
181378
85741
73832
102400
132857
182399
44693
98986
52946
83666
112448
190830
38182
184837
57685
15896
106309
21470
6288
137557
5856
47502
179554
56052
22815
168245
33597
181338
35921
66326
182234
33454
52750
190057
95583
143974
130638
42863
70719
107560
6286
41655
118853
103631
162042
47890
101393
44540
173096
80060
61799
112233
192803
3901
143694
151175
23799
12586
67319
1074
109813
183837
1495
101957
56827
27619
14523
101723
187882
90599
139610
4179
132530
77130
162491
131409
115471
81004
122173
187102
112779
36114
191611
46857
126735
126448
20893
114277
57063
57211
155007
150805
192042
186253
68321
166132
25075
100922
46878
188983
157811
106106
48288
49347
122331
32208
58415
23236
29665
72689
39352
93855
186745
65709
136647
192002
73135
8666
40598
38150
6918
128323
166107
66709
187109
165556
44972
108690
131845
41134
53997
59464
44730
46463
187375
27883
105559
13936
99599
51918
41142
51148
20136
20104
31841
108643
183067
54597
177772
99040
151735
68211
186118
25189
45708
12877
44654
108117
121569
6476
21301
184668
159000
171721
34988
184531
145970
8801
130551
46336
184559
185592
93586
100247
57642
127254
75654
172364
186280
57599
132600
66366
154943
31444
99672
12170
75902
41966
118849
39726
43216
115477
89468
63147
61055
96551
44421
6382
97422
105307
92467
10042
174065
156498
104727
66765
114873
101269
103371
191880
89781
43634
187407
110861
86974
137213
70531
37388
185657
56331
119177
171120
16986
17856
37001
145714
124085
53699
62605
158088
67317
149018
17405
190556
104521
180947
29754
189946
158563
90713
108154
27328
96042
194356
182448
170034
183424
54472
131895
53324
16133
186251
39437
61334
67197
14925
48484
44737
187408
49552
151449
53791
185374
164618
46855
182740
128119
187000
141729
5209
50761
183178
60456
178131
144521
190011
147043
179197
32751
105606
159692
190993
105021
183225
170508
107046
10466
179687
120874
13302
14805
9473
33888
6385
21479
51451
153638
9001
12626
190945
191306
92930
58063
92656
140835
172220
167653
121133
190396
185536
26497
105423
135674
68912
17829
39269
89435
39620
99864
12808
12343
82015
167701
118509
104786
152726
186968
102581
104499
2409
125998
177176
187747
62635
183404
34281
67678
22552
169258
61911
109763
152479
191530
114288
190770
111805
64127
15725
76757
187624
89888
84364
31536
46156
80658
46428
160433
113416
117304
81865
190118
53236
50091
41804
6944
100221
4437
194319
27001
18939
63548
14487
94801
189912
96706
98409
86433
30742
125257
57449
173618
47285
27901
87641
183780
158642
65035
50252
190557
84878
37377
178092
111139
168741
121499
133533
46925
183436
30300
183358
120789
173552
139801
18660
81448
90852
121834
43515
171164
10117
138107
81888
59715
194224
50992
79060
3085
10376
164259
36288
185401
117336
98965
180212
9785
191347
88531
184804
49694
29185
188093
99019
181372
39385
161594
169304
96743
128940
178110
138615
180169
99611
186236
30417
23372
111964
12910
169934
191208
183186
166544
192208
44699
105231
103062
183366
97001
176547
137927
189957
174067
132393
69863
3046
155469
20073
192762
156164
102358
180549
48466
94359
104485
184084
133950
31643
172826
38548
114884
53077
189988
43847
121162
153028
74267
14672
44739
111018
108366
129061
31997
76241
161153
176833
5663
136699
184475
30561
45296
179856
97943
97685
81937
90467
9267
38257
73979
164588
49867
4619
185525
2340
129430
189520
108105
9083
8407
14245
1821
2459
74752
119544
152724
68444
187423
32380
189724
62344
56034
161917
11355
193852
35780
119126
29590
124571
68080
47227
125095
192826
46593
23295
153339
137912
93972
131443
30581
146593
185911
62639
88576
449
94218
181605
39980
147524
166978
45767
61494
194072
151389
49183
10132
21061
19529
7380
110899
191368
17176
72138
93387
81073
90834
46535
116495
16975
89721
38272
5134
182381
188559
79342
38023
190385
2804
138848
4400
182640
182800
20101
114166
55359
88450
181777
112680
79957
185937
7341
187135
157492
186564
12553
192906
191287
167635
128537
169988
123189
108469
97343
54102
23250
171333
70464
107120
190262
163007
147381
88124
133871
15709
28553
66015
53060
86129
104572
12825
169373
47245
140145
48856
12844
161116
102949
91692
131115
182818
85699
45131
36808
30421
175632
71912
110094
168749
74409
13632
177993
178302
9069
117111
189051
185746
122697
13717
106357
1880
51909
83239
169516
35736
34330
58068
72413
117662
175150
40139
33559
117578
13637
146365
45773
166216
99947
34066
187456
165482
5595
185449
30288
40586
178989
29675
183419
124429
51061
87973
79881
53207
16851
110461
179035
5829
162724
44337
122270
179488
187833
168468
104183
70589
14928
27353
110249
120646
36055
174659
73507
149161
47754
11702
179874
54094
181034
137758
52053
129248
138251
67312
184078
154834
104163
186431
130366
111086
103819
93884
90104
12315
104193
32239
114201
108234
145836
83894
186880
20257
104962
103483
159770
114635
33081
62712
50434
27992
186282
106419
44197
131025
151966
189910
140233
24341
88148
178746
104259
2474
172478
1315
149280
3396
13233
187577
194471
185680
91254
183226
82
87997
78043
158801
193994
192734
15138
171080
6253
138419
90855
103060
130321
68249
44333
99316
183804
89667
186514
48562
54488
105705
180857
86144
184730
105059
189089
36548
69518
107115
72490
190388
136927
181860
14460
62482
134526
194154
147486
87836
146731
48949
188592
159249
187750
166717
36727
56922
65186
104456
187530
167253
36792
186120
111444
152713
43648
184090
123954
33136
23001
66319
14800
16047
111723
121266
190406
20751
60255
47352
187484
185173
47925
70465
49823
23006
138332
83550
83694
194410
186081
102284
64292
102478
178861
47035
15793
39036
186123
55928
153169
147953
167627
99607
165842
9313
97339
55977
107
96275
11338
185582
65880
161080
18827
64030
104565
20650
189081
49309
189489
33933
51583
166903
50770
19424
147906
106830
69207
185859
72235
172066
186568
42837
179918
21783
147072
18650
190651
